$ANSIBLE_VAULT;1.1;AES256
61373331623036366631366532353231616665376238356565363838663135323963393131336563
3566616261373938396238316361633834633464613333350a333031396635633734323933376235
65323535616335626164383635313136373333313166663733306130663066636437663333373136
3936306339376631310a313865356266663064326164336238666535373133373339363238656435
31616335666162666438323339613865346530383037323236643262386565363938623036356633
62663931666335353235633338346234316133376634306233666431306463326661346663306334
30376432323266366538366531353165303030626139666132353931343162323531363139366166
30613738373166663461376235376139363761643863306534343866306638333434313433646232
65663662633731396263383334303839383038636162656666396339393930383530623634323363
35356431333162363364353032366437373066303635366461623064666234366634343636643635
643832323830663735396561343166363132
