$ANSIBLE_VAULT;1.1;AES256
33386130663564633231623438616262626464323537306236313734323234383564653434653636
3630666433633663623237663665393162353632373863300a313436363836303939333730666439
36643933663834376339626239616662666564383838663034386266393761353239653534303632
3233306637646130390a376361636131633266363565323837373831366562326361316334613564
32623132623430396662646565356335303937663638663036393063666430356265623730343565
36613864383831383232373734653139666362373162316533623233353839373530313062386566
36353466333336623731663964653331656630333464376161313863643935386363613866343035
62616561643039656631373861383039333665363966383039316465653661353033353532353864
64643863643763313937336666366632356239643035303035333462633235366462333662313664
36333763383130316232646233643764363936616235303834373637386134346433626335613033
32363065623130633561646564393462393136396165393231333233626365366561653535643135
38663965656432646531323137373737303563343935613538303332643239643939323862306632
64393061333631333733656461366530363465633861323438616264363434313865613336303065
33343931326637343737393633363737333539336537663264656161636533353332303134353639
62313531613230326335353631393666393830356332613366383133343330633431313562336365
65306539643031643665326531663830633130666435353366303534353332613935633931636464
61393764383333316539366566313463663833333061333435623863643831313364363464393335
33303736626233373433393466623233376438643265623238326563336565613937616332643161
32616534326436373439346439616336376431353033393031323230393261656262613831333764
65333335653735323237343734633133643466303564623935353134323562356662353235626430
35386330623166356434363462613531313766383530626130633535343133666533363961623638
39316239666531646564613562356262346238313766656534623936373133643137663035393261
35393864373565393562623137356433626463313435313761396662373862633434623035646431
35663037333035653039663966626161326366383030373664623061636139366265626162323636
6132
