$ANSIBLE_VAULT;1.1;AES256
62346361626561313664333561363234353334303066313332646565616462643166336131623564
3530323664316635373264313338646135643561376562380a363630663638363665626638316439
66626638376332383639653234333265326231616534656134623239653732383066623436643961
3733326666646233630a376663613662643362313334633532333232383537353065643264343937
64306636363939343265386565303861623563353865313832376236323763303830363465313061
35343139316631656165366465336135336161666338373665373332346162616264336432376635
31303534393062353262643538303732363166333763616535383634353261386136633666313535
38373934383664303431663937616130363762393233633437333736613333653562346632653137
66396665626466383632306263626266363363363431366238623263393164626431383064386330
61653835626232663263303239326565383562323830353034633131636334316531636232633263
65356465616237643335646538333633643135376164343763643963393435386361633934623832
31633030376565643864303933623031316438373737613064363635363234346364353739663163
30333939336539303034343263363363323265626362636437386265323536633731313139363436
34326632353664393830303533373361326334643263663735383066386562353866633561343532
38333063306332386131356237366266313730353161313565373665343339623232396262303335
63633633386437393238653337613933396236316439346465396237346365626330393764336164
34313632623062323434656639616230336435613664346162333164643737336562336465356535
63373362353737646130643939613639316639643662303433303731353131613162616630323864
61313062653166613733623466643134353961626261643937636336613264313034626133616364
36386633646439323965623463343061623832353638343630396139393133373739616131653330
66363063356431363738653737653265616434393266376462383238303431353333323461636663
35346433343139336532373238376230323065333061303966366334343534323538386336363566
61616138666261393539643538663733643338353233363330653030383633656361313534386666
38633031386638383562
