$ANSIBLE_VAULT;1.1;AES256
34383632373535646537386332386266396339353163343430626636653332353337623432373036
6538616537643664326635356533643332636439346635340a613036626135336565313862326561
31646539373139336662353861343264306238656334376363323439363837356534643361376636
3235613331643235310a383965613765373564396666613965613437666231643461353435623164
31653664343466616263623537613638646663323961396535633738616561346464366466646338
61393066333237346639386439303266613634326264333463336266333536653836633133663730
62653834373631636336636635613034633738393638326164313636363131633636643766383934
35356333353862643664623730663536643663306666326333323164383938313835323964643133
61623764303230613137363736373264653964663362346632666237346230633766326365363563
34343066333766323633326634346230393137313530333232373737343961633134373062393535
34393930323638316633633038643636363862613935626163363966373533666265356463643464
65353432313936366161323364663964333161316438396363346463623466366638313839663630
62376664626438613039333939393465646230323765633533323831623466636437373964333164
34346663346237643964623332383330386338633565623665646231613662653231386533343165
66623032353461323464613761393434643332323965336563633466653135313861656639346536
33333035306131646634353438663864343565653631306564646161393431623363616134643039
39373035313064383132663737306330666536336265616637656535306234646539636666386137
31376332323363306631383563616137353435616534303934643864353831386632343461623364
63386166616164353061633861616364323837663834326633636161383262663735613261346163
32393062306131393462383032346466623935356333373131613736366566616532633234643662
37356331313236336333363933396133663835313130623832356263393334623437636238306435
33353830353935313464356365383366303561336433396266363138353330616337393363336437
35653830636266313633626633393731656633656236393336346338666136316365356332353338
33376531363836653438326237616235656233623161656539393364326531323664373762366466
65303834363632626632346164363233613962623433366137643337353363373535653434346264
64373236663832383961653566306130383932373061643834303065393965333336316136636537
62313038313563343162343031393862626361343437323036363666336631616461356131613835
63326538646363313264396539313966313337613838306530356232333064633336323832343362
30616634326665656438353662393534393764643830363439633737613364653662343435326263
65343138376138336439353362353234396634363938646563373330306437303238306130363336
32323161643238623961313366386534643663613466646133376639653838363930376336323061
66363235346237646432663863313766646435353935636231633564386236656439383136653564
6531
